1234 0.9 0.3 0.8 0.2 
1243 0.0 0.7 0.4 1.0 
1249 1.0 0.5 0.2 0.4 
1253 0.1 0.7 0.5 0.3 
1262 0.7 0.3 0.4 0.4 
1279 0.4 0.0 0.3 1.7 
1282 1.0 0.0 0.0 1.6 
1288 0.5 0.8 0.4 0.2 
1294 0.9 1.2 0.1 0.6 
1301 0.7 0.3 0.1 1.0 
1310 0.4 1.6 0.0 0.8 
1317 0.4 1.6 0.6 0.2 
1322 0.4 0.2 0.0 0.3 
1330 0.1 2.0 0.4 1.0 
1339 0.7 1.7 0.9 0.0 
1346 0.7 1.0 0.6 0.8 
1353 0.0 1.9 0.3 1.0 
1359 0.9 1.1 0.5 0.0 
1362 1.0 0.5 1.0 1.1 
1368 0.2 0.2 0.4 1.1 
1374 0.1 1.8 0.2 1.9 
1375 0.2 1.7 0.4 1.6 
1380 0.4 1.0 1.0 1.2 
1381 0.0 1.4 0.8 0.6 
1392 0.4 0.5 0.8 2.0 
1399 0.6 1.9 0.2 1.2 
1400 0.2 1.6 1.0 1.2 
1401 0.1 1.7 0.2 0.0 
1402 0.8 1.3 0.9 0.0 
1410 0.3 0.5 0.4 1.0 
1411 0.1 0.1 0.6 1.6 
1416 0.4 1.7 0.8 0.6 
1427 0.9 1.7 0.8 1.2 
1428 0.5 0.6 1.0 1.2 
1429 0.8 0.2 0.8 0.0 
1430 0.1 1.5 0.8 1.5 
1438 0.3 1.8 0.5 1.8 
1439 0.6 1.8 0.9 1.9 
1444 0.3 2.0 0.2 0.4 
1455 0.4 1.7 0.3 0.6 
1461 0.4 0.9 0.2 0.3 
1467 0.2 0.7 0.8 1.5 
1473 0.9 1.0 0.4 0.9 
1479 0.1 1.6 0.5 0.1 
1485 0.7 0.0 0.7 1.8 
1491 0.7 1.3 1.0 0.4 
1496 0.6 0.8 0.1 0.2 
1502 1.0 1.5 0.1 1.8 
1508 0.0 0.0 0.5 1.0 
1513 0.3 1.8 0.1 1.6 
1518 0.6 0.5 0.8 0.6 
1525 0.6 0.5 0.6 1.3 
1530 0.4 1.6 0.4 1.6 
1531 0.3 1.5 1.0 1.7 
1533 0.5 1.2 0.7 0.6 
1534 0.5 0.0 0.3 0.6 
1535 0.0 1.7 0.0 1.4 
1536 0.2 1.7 0.3 1.3 
1543 0.0 0.2 0.7 0.1 
1550 0.1 0.4 0.1 1.0 
1555 0.5 1.2 0.1 2.0 
1556 0.2 1.7 0.4 0.0 
1558 0.3 1.7 0.9 0.7 
1559 0.0 1.8 0.0 0.9 
1560 0.7 1.1 1.0 1.3 
1561 0.0 1.2 0.5 0.4 
1569 0.9 1.7 0.0 1.7 
1570 0.1 0.7 0.7 0.3 
1571 0.2 0.3 0.4 0.7 
1581 0.0 0.7 0.8 1.8 
1582 0.9 0.6 0.7 0.9 
1583 0.9 1.8 0.9 1.2 
1588 0.5 0.9 0.4 1.6 
1589 0.0 1.2 0.4 1.4 
1590 0.4 1.0 0.8 1.8 
1592 0.9 0.0 1.0 1.8 
1593 1.0 0.6 0.5 2.0 
1594 0.3 0.2 0.1 1.1 
1595 1.0 1.6 0.0 0.6 
1596 0.8 1.3 0.6 0.3 
1598 1.0 1.6 0.8 1.4 
1599 0.5 0.4 0.6 0.0 
1600 0.2 0.8 0.6 0.0 
1601 0.9 0.6 0.8 0.0 
1606 0.6 0.6 0.5 0.4 
1607 0.4 0.0 0.1 0.9 
1612 0.9 0.2 0.6 1.0 
1614 0.9 1.4 1.0 0.5 
1616 0.0 0.8 0.1 0.8 
1617 1.0 1.1 0.2 0.8 
1619 0.9 1.5 0.7 0.2 
1621 0.4 0.4 0.0 0.6 
1622 0.8 0.4 0.0 1.8 
1624 0.9 1.5 0.3 0.9 
1626 0.1 1.0 0.6 1.1 
1627 0.6 1.6 0.0 0.6 
1629 0.8 0.7 1.0 0.2 
1631 0.0 1.2 0.9 0.9 
1632 0.2 1.4 0.1 1.5 
1636 0.7 1.3 0.2 1.3 
1637 0.0 0.1 0.9 2.0 
1641 0.2 1.0 0.7 0.9 
1642 0.5 0.3 1.0 0.4 
1646 0.5 0.1 0.6 1.8 
1647 0.9 1.8 1.0 1.7 
1651 0.0 1.0 0.3 0.6 
1653 0.8 1.4 0.7 0.1 
1654 0.2 1.4 0.7 1.0 
1655 1.0 0.6 1.0 0.5 
1656 0.8 0.8 0.6 1.9 
1658 0.8 1.3 0.7 1.5 
1659 0.6 0.9 0.5 1.7 
1660 0.1 0.4 0.2 1.6 
1661 0.0 0.8 0.1 2.0 
1663 0.9 0.7 0.6 1.1 
1664 0.4 1.3 0.2 0.7 
1665 0.0 0.7 0.6 1.2 
1666 0.8 0.2 1.0 0.6 
1668 0.4 0.8 0.4 0.5 
1669 1.0 1.6 0.2 1.3 
1670 0.6 0.9 0.3 1.2 
1671 0.1 1.4 0.3 1.6 
1672 0.4 0.2 0.3 0.7 
1673 0.4 2.0 0.9 1.0 
1674 0.5 0.5 0.9 1.4 
1675 0.1 1.7 0.4 0.5 
1677 0.8 1.9 0.4 0.1 
1678 0.3 1.3 0.3 0.1 
1679 0.1 0.8 0.9 0.4 
1680 0.4 1.5 0.6 1.6 
1681 0.1 0.3 0.2 1.3 
1684 1.0 1.2 0.1 0.0 
1685 0.5 1.5 0.9 1.3 
1686 0.3 1.4 0.0 1.7 
1687 0.7 1.5 0.7 1.2 
1689 0.0 0.8 0.9 1.2 
1690 0.6 0.8 0.5 1.2 
1691 0.0 0.9 0.3 1.3 
1692 0.6 1.9 0.6 1.2 
1693 0.0 0.6 0.1 0.3 
1696 1.0 1.0 0.0 1.7 
1698 0.5 0.4 0.2 1.2 
1699 0.5 0.8 1.0 1.9 
1700 0.0 1.9 0.1 1.7 
1701 0.1 0.9 0.7 0.2 
1703 0.8 0.9 0.0 0.2 
1704 0.7 0.1 0.2 2.0 
1705 0.6 0.7 0.4 1.6 
1706 0.3 1.8 0.7 1.5 
1707 0.3 0.1 0.6 0.3 
1708 1.0 1.8 0.3 0.8 
1709 0.1 0.8 0.5 0.6 
1710 0.3 1.5 0.4 0.5 
1711 0.1 0.8 0.1 0.2 
1712 0.4 1.6 0.1 1.7 
1713 0.5 1.2 0.7 1.8 
1714 0.7 1.2 0.1 1.7 
1715 0.3 0.8 0.7 0.7 
1716 0.9 2.0 0.3 0.2 
1717 1.0 1.1 0.9 0.0 
1718 0.3 0.6 0.6 1.9 
1720 0.9 0.9 0.3 2.0 
1721 0.2 1.2 0.8 0.6 
1722 0.9 0.1 0.2 1.2 
1723 0.7 1.8 0.0 1.7 
1725 0.5 1.7 0.1 1.8 
1726 0.1 0.3 0.6 0.0 
1727 0.3 0.7 0.5 0.6 
1728 0.9 1.8 0.3 1.9 
1729 0.0 0.7 0.5 0.1 
1730 0.7 1.1 0.1 1.8 
1731 0.2 1.3 0.5 1.1 
1732 0.8 1.3 0.8 0.4 
1733 0.9 1.5 0.6 2.0 
1734 0.9 0.7 0.7 0.3 
1735 0.5 1.0 0.5 1.6 
1736 0.5 1.9 0.7 0.7 
1737 0.0 0.6 0.3 0.6 
1738 0.2 1.4 0.8 1.6 
1739 0.6 0.8 0.4 1.6 
1740 0.9 1.7 0.6 1.7 
1741 0.7 1.0 0.3 2.0 
1742 0.1 1.9 0.4 1.7 
1743 0.2 1.8 0.9 1.2 
1744 0.3 0.0 0.9 1.3 
1745 0.7 0.1 0.1 1.0 
1746 0.4 1.2 0.6 1.0 
1747 0.2 1.2 0.2 0.6 
1748 0.7 1.8 0.5 0.3 
1749 0.5 0.1 0.1 1.4 
1750 0.3 0.2 0.7 1.8 
1751 0.7 0.4 0.1 0.8 
1752 1.0 0.3 0.2 1.5 
1753 1.0 0.1 0.0 1.8 
1754 0.5 1.2 0.7 0.6 
1755 0.7 1.9 0.2 0.6 
1756 0.4 2.0 0.3 1.0 
1757 0.1 1.6 0.0 1.7 
1758 0.6 1.9 0.9 1.4 
1759 0.8 2.0 0.1 1.4 
1761 0.3 0.6 0.9 1.4 
1762 0.4 0.7 1.0 1.9 
1763 0.2 0.1 0.1 0.0 
1764 1.0 0.1 0.3 1.6 
1766 0.6 1.3 1.0 0.1 
1767 0.4 2.0 0.6 1.3 
1768 0.4 0.2 0.7 1.2 
1769 0.0 1.5 1.0 1.3 
1770 0.4 0.3 0.2 1.3 
1771 0.7 0.8 1.0 0.0 
1772 0.3 2.0 1.0 1.3 
1773 0.9 1.3 0.5 0.0 
1774 0.1 2.0 0.5 1.7 
1775 0.1 0.4 0.1 0.6 
1776 0.1 0.8 0.2 0.7 
1777 0.0 0.0 0.6 0.9 
1778 0.1 0.9 0.8 1.0 
1779 0.8 1.9 0.9 1.7 
1780 1.0 0.8 0.9 0.1 
1781 0.8 0.9 0.1 1.7 
1782 0.4 1.8 0.8 0.5 
1783 0.6 1.9 0.6 1.5 
1784 0.9 0.1 0.6 1.2 
1785 0.1 0.1 1.0 0.3 
1786 0.8 1.2 0.3 1.9 
1787 0.2 0.7 0.9 0.8 
1788 0.4 2.0 0.0 1.3 
1789 0.5 1.7 0.7 1.7 
1790 0.7 0.9 0.8 1.4 
1791 0.8 0.8 1.0 0.4 
1792 1.0 0.8 0.4 1.1 
1793 0.2 0.1 1.0 0.8 
1794 0.0 1.4 0.3 1.4 
1795 0.7 0.6 0.4 0.7 
1796 0.0 0.9 0.5 1.6 
1797 0.0 0.0 0.5 1.0 
1798 0.5 1.4 1.0 0.1 
1799 0.7 1.8 1.0 1.8 
1800 0.4 1.5 0.8 1.7 
1801 0.1 0.0 1.0 0.4 
2074 0.7 1.5 0.4 0.0 
2075 0.1 2.0 0.1 1.0 
2086 0.5 1.0 0.9 0.1 
2087 0.8 1.2 0.3 1.0 
2314 0.9 1.5 0.1 2.0 
2315 0.0 1.6 0.2 0.4 
2326 0.0 0.6 0.1 0.6 
2327 0.6 0.8 0.8 1.0 
